animal phen
1 0
2 1
3 1
4 0
5 1
6 0
7 1
8 1
9 0
10 1
11 1
12 0
13 0
14 1
15 1
16 0
17 1
18 0
19 0
20 0
21 0
22 1
23 0
24 1
25 1
26 0
27 0
28 1
29 0
30 1
31 1
32 0
33 0
34 0
35 0
36 0
37 0
38 0
39 1
40 1
41 0
42 0
43 0
44 0
45 0
46 0
47 0
48 1
49 0
50 0
51 0
52 1
53 0
54 1
55 0
56 1
57 0
58 1
59 0
60 1
61 1
62 1
63 0
64 0
65 1
66 1
67 1
68 1
69 1
70 0
71 0
72 0
73 0
74 1
75 1
76 0
77 0
78 1
79 0
80 0
81 0
82 0
83 1
84 0
85 0
86 0
87 1
88 0
89 0
90 0
91 1
92 1
93 1
94 0
95 1
96 1
97 1
98 0
99 0
100 0
101 1
102 1
103 0
104 0
105 0
106 1
107 0
108 0
109 1
110 1
111 1
112 1
113 0
114 0
115 0
116 1
117 1
118 0
119 1
120 0
121 0
122 0
123 0
124 1
125 1
126 1
127 0
128 0
129 0
130 0
131 0
132 1
133 0
134 0
135 1
136 0
137 1
138 1
139 0
140 0
141 1
142 1
143 0
144 1
145 1
146 1
147 0
148 1
149 1
150 0
151 1
152 0
153 1
154 1
155 1
156 1
157 0
158 0
159 0
160 1
161 0
162 0
163 0
164 0
165 0
166 1
167 0
168 1
169 0
170 1
171 0
172 0
173 0
174 1
175 0
176 0
177 0
178 0
179 0
180 0
181 0
182 1
183 0
184 1
185 0
186 1
187 0
188 0
189 1
190 0
191 1
192 0
193 0
194 1
195 1
196 1
197 1
198 0
199 0
200 0
201 0
202 0
203 1
204 0
205 0
206 1
207 0
208 0
209 0
210 0
211 1
212 1
213 0
214 0
215 1
216 0
217 0
218 0
219 0
220 0
221 0
222 0
223 0
224 1
225 0
226 0
227 1
228 1
229 0
230 1
231 1
232 1
233 1
234 0
235 0
236 0
237 1
238 1
239 1
240 0
241 0
242 1
243 0
244 0
245 0
246 1
247 1
248 0
249 1
250 1
251 1
252 1
253 0
254 1
255 0
256 0
257 1
258 1
259 1
260 0
261 0
262 1
263 1
264 1
265 0
266 1
267 1
268 1
269 0
270 0
271 0
272 0
273 1
274 1
275 1
276 0
277 1
278 0
279 1
280 1
281 0
282 1
283 0
284 0
285 0
286 1
287 1
288 0
289 1
290 0
291 0
292 1
293 0
294 1
295 0
296 0
297 1
298 1
299 0
300 0
301 0
302 0
303 1
304 1
305 0
306 1
307 0
308 0
309 1
310 1
311 0
312 0
313 0
314 0
315 0
316 0
317 0
318 0
319 1
320 0
321 1
322 0
323 1
324 0
325 0
326 0
327 0
328 0
329 1
330 1
331 0
332 0
333 1
334 1
335 0
336 1
337 1
338 1
339 0
340 0
341 0
342 1
343 0
344 1
345 1
346 1
347 0
348 0
349 1
350 0
351 0
352 1
353 0
354 1
355 0
356 0
357 0
358 1
359 0
360 1
361 1
362 0
363 0
364 0
365 0
366 1
367 0
368 1
369 1
370 1
371 1
372 1
373 0
374 1
375 1
376 1
377 0
378 0
379 1
380 1
381 0
382 1
383 1
384 1
385 0
386 0
387 0
388 1
389 0
390 0
391 0
392 1
393 0
394 0
395 1
396 0
397 0
398 0
399 1
400 0
401 0
402 1
403 1
404 0
405 0
406 0
407 0
408 0
409 1
410 0
411 0
412 1
413 1
414 1
415 0
416 0
417 0
418 0
419 0
420 1
421 1
422 0
423 1
424 0
425 1
426 1
427 0
428 0
429 0
430 0
431 0
432 0
433 0
434 0
435 0
436 1
437 0
438 0
439 1
440 0
441 1
442 0
443 0
444 0
445 1
446 0
447 0
448 1
449 0
450 0
451 0
452 1
453 0
454 0
455 1
456 0
457 0
458 0
459 0
460 0
461 0
462 0
463 1
464 1
465 0
466 0
467 0
468 1
469 0
470 0
471 1
472 0
473 0
474 0
475 0
476 0
477 1
478 1
479 0
480 0
481 1
482 0
483 0
484 1
485 1
486 1
487 1
488 0
489 1
490 1
491 0
492 0
493 1
494 0
495 0
496 1
497 0
498 0
499 0
500 0
501 0
502 0
503 0
504 0
505 1
506 0
507 0
508 0
509 1
510 0
511 0
512 0
513 1
514 1
515 1
516 0
517 1
518 0
519 0
520 1
521 0
522 0
523 0
524 0
525 0
526 1
527 1
528 0
529 0
530 1
531 0
532 0
533 1
534 0
535 0
536 0
537 0
538 0
539 0
540 1
541 0
542 0
543 0
544 1
545 1
546 0
547 0
548 0
549 0
550 1
551 0
552 0
553 0
554 0
555 1
556 0
557 1
558 1
559 0
560 0
561 1
562 1
563 1
564 0
565 1
566 0
567 1
568 0
569 0
570 1
571 1
572 0
573 0
574 1
575 0
576 0
577 1
578 1
579 1
580 1
581 1
582 1
583 1
584 0
585 0
586 0
587 0
588 0
589 1
590 1
591 0
592 1
593 0
594 0
595 0
596 0
597 1
598 0
599 0
600 1
601 1
602 0
603 0
604 0
605 0
606 1
607 0
608 0
609 1
610 1
611 1
612 0
613 0
614 0
615 0
616 0
617 1
618 0
619 1
620 1
621 1
622 0
623 0
624 0
625 0
626 1
627 0
628 0
629 0
630 1
631 0
632 1
633 0
634 0
635 1
636 0
637 0
638 1
639 0
640 0
641 0
642 1
643 0
644 0
645 0
646 1
647 1
648 0
649 0
650 1
651 0
652 0
653 1
654 1
655 0
656 0
657 0
658 0
659 0
660 1
661 1
662 0
663 0
664 1
665 0
666 1
667 0
668 0
669 1
670 1
671 0
672 0
673 0
674 1
675 1
676 0
677 0
678 1
679 1
680 0
681 0
682 0
683 0
684 0
685 1
686 1
687 0
688 0
689 1
690 0
691 0
692 0
693 0
694 0
695 0
696 0
697 0
698 0
699 1
700 0
701 0
702 0
703 0
704 1
705 1
706 1
707 1
708 1
709 0
710 0
711 0
712 1
713 0
714 0
715 1
716 1
717 0
718 0
719 0
720 0
721 0
722 0
723 1
724 0
725 1
726 1
727 1
728 0
729 0
730 0
731 0
732 1
733 0
734 1
735 0
736 1
737 0
738 1
739 1
740 1
741 0
742 0
743 1
744 1
745 0
746 0
747 0
748 1
749 0
750 0
751 0
752 0
753 0
754 1
755 1
756 0
757 0
758 0
759 1
760 0
761 0
762 1
763 0
764 1
765 1
766 0
767 0
768 1
769 1
770 1
771 0
772 0
773 1
774 0
775 0
776 1
777 0
778 0
779 1
780 0
781 0
782 1
783 0
784 1
785 0
786 1
787 0
788 0
789 0
790 0
791 0
792 1
793 0
794 0
795 0
796 0
797 1
798 0
799 1
800 0
801 0
802 1
803 1
804 1
805 1
806 1
807 0
808 1
809 1
810 0
811 1
812 1
813 0
814 0
815 0
816 1
817 1
818 0
819 0
820 1
821 1
822 0
823 0
824 0
825 1
826 0
827 0
828 0
829 0
830 0
831 1
832 0
833 0
834 1
835 0
836 0
837 0
838 1
839 0
840 1
841 0
842 0
843 0
844 0
845 0
846 1
847 0
848 0
849 0
850 1
851 0
852 0
853 0
854 0
855 0
856 0
857 1
858 0
859 1
860 0
861 0
862 1
863 1
864 1
865 0
866 1
867 0
868 0
869 0
870 1
871 1
872 1
873 1
874 1
875 0
876 0
877 0
878 0
879 1
880 1
881 0
882 1
883 0
884 0
885 0
886 1
887 0
888 1
889 1
890 0
891 1
892 0
893 1
894 0
895 0
896 0
897 0
898 0
899 0
900 0
901 0
902 0
903 1
904 0
905 1
906 0
907 0
908 0
909 0
910 0
911 0
912 1
913 1
914 0
915 0
916 1
917 0
918 1
919 1
920 0
921 1
922 0
923 1
924 1
925 1
926 0
927 0
928 1
929 1
930 0
931 0
932 1
933 0
934 0
935 0
936 0
937 0
938 1
939 1
940 1
941 0
942 1
943 1
944 0
945 1
946 0
947 0
948 0
949 1
950 0
951 0
952 0
953 1
954 0
955 0
956 1
957 0
958 0
959 0
960 0
961 1
962 0
963 1
964 0
965 0
966 1
967 0
968 0
969 0
970 0
971 1
972 0
973 1
974 0
975 1
976 0
977 0
978 1
979 1
980 0
981 1
982 1
983 1
984 1
985 0
986 0
987 0
988 0
989 1
990 0
991 0
992 1
993 1
994 1
995 1
996 0
997 0
998 0
999 0
1000 0
