animal phen
1 12.838
2 10.467
3 12.436
4 10.589
5 10.974
6 10.261
7 9.459
8 11.081
9 8.259
10 9.486
11 10.203
12 10.506
13 9.959
14 9.903
15 8.956
16 11.274
17 10.108
18 10.54
19 8.452
20 10.514
21 12.077
22 8.84
23 11.599
24 10.281
25 10.421
26 9.103
27 9.711
28 8.858
29 10.174
30 9.926
31 8.043
32 10.185
33 8.42
34 10.467
35 10.809
36 12.089
37 11.399
38 10.415
39 11.053
40 9.503
41 10.878
42 10.239
43 12.603
44 7.817
45 9.408
46 10.483
47 9.699
48 7.345
49 13.783
50 8.939
51 9.851
52 10.204
53 9.657
54 8.777
55 10.202
56 11.501
57 11.188
58 11.188
59 9.14
60 10.393
61 11.16
62 9.308
63 8.196
64 8.173
65 10.085
66 8.261
67 9.569
68 11.038
69 8.816
70 10.679
71 11.153
72 7.8
73 10.212
74 8.989
75 9.094
76 12.168
77 8.799
78 11.018
79 8.328
80 11.005
81 10.289
82 10.859
83 9.907
84 10.959
85 12.464
86 12.042
87 11.481
88 10.072
89 8.656
90 10.011
91 10.632
92 9.222
93 8.308
94 10.441
95 13.227
96 7.81
97 10.156
98 10.524
99 11.661
100 10.239
101 12.598
102 11.568
103 10.194
104 9.99
105 8.823
106 9.245
107 12.06
108 11.876
109 7.987
110 8.786
111 7.165
112 9.442
113 8.817
114 8.722
115 9.392
116 9.594
117 8.364
118 7.958
119 10.465
120 9.549
121 11.199
122 10.919
123 11.247
124 12.214
125 9.858
126 11.146
127 10.966
128 9.492
129 10.115
130 11.286
131 8.668
132 9.419
133 11.373
134 10.173
135 10.157
136 11.193
137 8.809
138 12.476
139 9.181
140 11.878
141 8.172
142 10.787
143 11.107
144 9.341
145 11.683
146 9.407
147 10.367
148 11.378
149 9.366
150 12.543
151 11.769
152 8.59
153 9.906
154 8.194
155 9.305
156 12.6
157 11.42
158 10.882
159 11.649
160 9.728
161 10.889
162 8.681
163 7.815
164 8.167
165 10.908
166 10.951
167 9.929
168 9.258
169 12.194
170 7.713
171 11.718
172 7.614
173 9.917
174 9.93
175 9.785
176 11.572
177 9.186
178 9.029
179 10.517
180 12.358
181 8.944
182 11.667
183 7.328
184 6.738
185 10.454
186 11.239
187 11.085
188 10.825
189 11.291
190 8.979
191 8.903
192 11.928
193 9.482
194 9.881
195 7.882
196 9.892
197 9.591
198 10.374
199 11.823
200 11.354
201 9.193
202 12.456
203 11.567
204 8.152
205 10.962
206 8.561
207 11.438
208 12.827
209 7.81
210 11.183
211 9.928
212 10.027
213 8.439
214 8.557
215 8.252
216 6.897
217 11.738
218 8.622
219 10.436
220 10.35
221 13.192
222 10.328
223 8.392
224 12.351
225 5.788
226 9.215
227 7.544
228 9.081
229 12.228
230 10.05
231 9.47
232 8.749
233 10.907
234 11.294
235 11.315
236 9.436
237 10.146
238 11.737
239 11.65
240 10.849
241 11.522
242 8.93
243 8.738
244 7.29
245 11.651
246 8.921
247 11.715
248 9.334
249 9.005
250 10.592
251 10.951
252 8.641
253 9.627
254 11.647
255 9.129
256 10.808
257 11.615
258 10.303
259 7.761
260 9.898
261 9.299
262 9.909
263 11.126
264 6.906
265 8.938
266 9.953
267 8.325
268 8.947
269 8.555
270 10.747
271 8.155
272 10.281
273 12.313
274 10.978
275 10.017
276 7.441
277 10.559
278 10.425
279 8.062
280 7.824
281 9.776
282 10.481
283 12.526
284 11.31
285 12.117
286 8.245
287 12.309
288 10.713
289 13.463
290 11.79
291 10.048
292 8.829
293 10.847
294 12.001
295 11.984
296 9.969
297 12.023
298 11.957
299 11.468
300 9.872
301 11.157
302 10.936
303 9.096
304 11.501
305 12.376
306 9.101
307 12.567
308 10.551
309 11.331
310 10.856
311 11.446
312 12.041
313 8.02
314 10.662
315 10.452
316 11.66
317 9.57
318 8.16
319 7.846
320 9.766
321 9.201
322 9.452
323 10.721
324 8.696
325 10.729
326 11.029
327 9.963
328 10.601
329 13.024
330 8.951
331 9.934
332 10.373
333 13.236
334 10.379
335 12.345
336 12.039
337 9.621
338 10.437
339 9.088
340 9.324
341 6.409
342 12.583
343 12.219
344 9.261
345 11.742
346 10.443
347 10.985
348 11.297
349 11.559
350 11.131
351 8.22
352 8.893
353 11.772
354 12.304
355 7.602
356 11.293
357 8.29
358 8.86
359 9.958
360 9.687
361 8.892
362 11.122
363 11.616
364 12.694
365 7.9
366 9.918
367 11.851
368 12.888
369 7.752
370 10.032
371 10.388
372 8.968
373 9.417
374 10.45
375 9.173
376 11.932
377 9.193
378 8.783
379 9.854
380 11.005
381 12.751
382 8.688
383 10.021
384 10.742
385 7.226
386 12.365
387 10.089
388 8.709
389 9.984
390 8.932
391 9.338
392 11.48
393 9.427
394 10.391
395 8.102
396 11.169
397 10.84
398 8.748
399 12.374
400 10.548
401 10.205
402 8.725
403 8.795
404 10.181
405 11.391
406 10.934
407 8.951
408 10
409 13.24
410 9.398
411 7.62
412 9.944
413 12.533
414 9.204
415 9.763
416 12.78
417 11.479
418 9.552
419 9.866
420 11.15
421 9.212
422 8.759
423 10.551
424 8.778
425 7.57
426 12.529
427 10.447
428 8.118
429 12.718
430 11.661
431 11.212
432 11.409
433 9.444
434 8.079
435 10.297
436 10.404
437 11.687
438 9.06
439 13.36
440 11.641
441 9.11
442 9.62
443 9.548
444 8.081
445 9.644
446 10.351
447 11.304
448 8.666
449 12.565
450 12.431
451 11.135
452 10.69
453 8.358
454 11.353
455 10.02
456 9.693
457 10.524
458 8.444
459 12.594
460 10.354
461 9.682
462 12.41
463 10.81
464 11.739
465 10.619
466 10.596
467 13.397
468 11.153
469 11.088
470 9.385
471 9.274
472 7.62
473 10.007
474 10.552
475 10.516
476 9.943
477 7.204
478 7.404
479 10.658
480 9.672
481 10.656
482 9.857
483 11.06
484 12.103
485 10.854
486 9.128
487 10.653
488 8.606
489 8.416
490 8.979
491 10.928
492 8.388
493 10.874
494 10.602
495 10.313
496 10.783
497 10.665
498 12.425
499 10.191
500 10.446
501 9.715
502 10.798
503 10.85
504 10.453
505 9.63
506 9.036
507 13.332
508 10.311
509 9.003
510 10.63
511 12.188
512 11.926
513 8.6
514 8.849
515 12.497
516 13.042
517 9.546
518 10.1
519 9.707
520 10.514
521 10.898
522 12.208
523 10.474
524 9.6
525 6.834
526 9.156
527 11.159
528 10.328
529 10.679
530 10.21
531 7.271
532 12.299
533 11.985
534 11.471
535 8.495
536 10.487
537 11.672
538 11.022
539 12.01
540 10.317
541 9.868
542 8.098
543 8.791
544 10.064
545 11.537
546 9.483
547 11.896
548 11.987
549 9.278
550 10.719
551 8.632
552 9.094
553 11.289
554 12.027
555 9.703
556 12.149
557 9.393
558 8.366
559 9.872
560 10.793
561 11.553
562 9.271
563 11.448
564 10.896
565 10.876
566 9.305
567 10.753
568 10.199
569 11.865
570 11.414
571 9.849
572 10.065
573 10.83
574 12.011
575 9.662
576 10.692
577 11.533
578 7.585
579 10.783
580 12.196
581 8.272
582 10.246
583 10.68
584 11.691
585 11.815
586 8.634
587 8.505
588 9.584
589 10.484
590 9.261
591 9.405
592 11.812
593 9.482
594 10.208
595 9.062
596 10.664
597 11.574
598 11.604
599 10.057
600 9.835
601 9.644
602 11.486
603 8.742
604 9.351
605 11.526
606 10.876
607 11.44
608 10.473
609 12.484
610 10.958
611 11.513
612 10.567
613 5.709
614 9.995
615 9.512
616 13.161
617 10.021
618 11.28
619 9.158
620 9.306
621 9.949
622 8.411
623 9.536
624 12.251
625 9.646
626 9.553
627 10.594
628 9.691
629 8.736
630 8.875
631 10.792
632 8.392
633 11.384
634 8.321
635 7.949
636 11.247
637 10.314
638 8.902
639 6.71
640 11.261
641 8.128
642 8.267
643 12.482
644 11.356
645 10.561
646 8.179
647 10.339
648 7.796
649 11.881
650 11.162
651 11.269
652 11.438
653 8.487
654 12.851
655 10.03
656 11.128
657 9.974
658 10.599
659 8.632
660 11.341
661 8.306
662 10.757
663 10.077
664 12.649
665 9.727
666 10.659
667 10.066
668 10.276
669 12.036
670 10.684
671 9.805
672 10.92
673 12.373
674 12.376
675 9.222
676 13.314
677 9.254
678 10.434
679 10.166
680 9.259
681 11.455
682 11.512
683 9.334
684 10.435
685 11.302
686 9.865
687 12.059
688 12.611
689 14.161
690 9.841
691 12.719
692 9.956
693 10.639
694 9.976
695 9.956
696 9.283
697 8.756
698 8.709
699 12.366
700 11.231
701 10.67
702 9.199
703 11.377
704 10.943
705 11.612
706 10.665
707 8.966
708 13.112
709 8.304
710 11.501
711 10.948
712 13.542
713 10.333
714 11.398
715 12.136
716 7.767
717 11.823
718 9.165
719 9.698
720 10.763
721 9.895
722 12.487
723 12.355
724 10.141
725 10.117
726 10.556
727 10.482
728 7.339
729 10.789
730 9.946
731 12.073
732 8.477
733 8.864
734 11.427
735 10.476
736 6.549
737 14.11
738 9.439
739 9.139
740 11.919
741 12.252
742 11.445
743 7.312
744 8.242
745 9.184
746 9.422
747 7.912
748 10.369
749 7.796
750 10.687
751 11.233
752 10.585
753 10.125
754 9.154
755 8.662
756 9.728
757 9.97
758 12.34
759 10.945
760 10.488
761 10.724
762 11.87
763 8.219
764 10.088
765 9.657
766 12.7
767 9.806
768 8.074
769 6.977
770 9.444
771 12.793
772 8.263
773 8.047
774 9.761
775 10.463
776 9.916
777 9.401
778 8.83
779 9.821
780 13.643
781 12.292
782 9.74
783 9.511
784 10.107
785 9.2
786 9.482
787 11.388
788 10.192
789 11.159
790 9.781
791 10.468
792 11.218
793 12.238
794 9.607
795 8.019
796 8.112
797 10.922
798 6.622
799 10.283
800 10.466
801 9.911
802 10.031
803 7.951
804 9.147
805 9.148
806 7.525
807 10.086
808 8.173
809 8.949
810 8.947
811 12.828
812 13.076
813 9.903
814 10.871
815 8.784
816 12.048
817 13.054
818 11.062
819 7.928
820 9.335
821 12.211
822 12.517
823 8.843
824 9.129
825 9.325
826 7.807
827 11.052
828 9.972
829 9.58
830 12.25
831 9.309
832 7.227
833 9.403
834 10.287
835 10.701
836 11.983
837 10.444
838 11.835
839 11.09
840 9.077
841 10.851
842 8.111
843 11.191
844 10.043
845 10.151
846 10.667
847 9.387
848 8.749
849 9.904
850 9.146
851 10.201
852 11.416
853 9.284
854 10.778
855 12.254
856 10.821
857 9.247
858 9.611
859 10.313
860 9.66
861 9.759
862 9.631
863 12.929
864 10.79
865 8.379
866 8.118
867 8.785
868 11.986
869 9.438
870 8.669
871 10.817
872 10.005
873 10.732
874 11.793
875 12.753
876 10.024
877 10.481
878 14.188
879 10.15
880 10.001
881 10.527
882 11.374
883 9.901
884 8.388
885 9.445
886 11.843
887 9.82
888 8.627
889 10.632
890 10.519
891 7.274
892 10.998
893 11.374
894 9.995
895 12.21
896 10.465
897 11.696
898 7.808
899 10.009
900 11.71
901 9.044
902 9.359
903 7.788
904 8.596
905 9.532
906 10.132
907 9.877
908 11.367
909 10.085
910 9.67
911 10.321
912 9.689
913 10.758
914 9.263
915 9.869
916 9.806
917 11.491
918 10.237
919 10.725
920 11.544
921 10.121
922 11.396
923 11.325
924 9.259
925 12.209
926 9.971
927 10.479
928 11.113
929 8.917
930 8.992
931 11.057
932 11.036
933 8.82
934 9.025
935 11.307
936 9.339
937 11.487
938 11.945
939 9.031
940 10.678
941 9.721
942 14.175
943 11.861
944 7.19
945 10.977
946 8.172
947 7.437
948 8.974
949 11.298
950 10
951 9.798
952 12.936
953 9.27
954 10.814
955 12.314
956 11.797
957 9.943
958 10.181
959 11.057
960 9.775
961 12.672
962 9.059
963 10.084
964 9.947
965 10.567
966 10.499
967 9.778
968 11.385
969 10.477
970 12.015
971 9.284
972 10.188
973 9.414
974 9.867
975 9.336
976 9.39
977 11.566
978 10.578
979 8.923
980 9.139
981 9.742
982 8.272
983 11.31
984 10.933
985 10.232
986 8.135
987 9.465
988 11.459
989 10.983
990 11.185
991 9.528
992 9.593
993 9.213
994 9.586
995 10.406
996 11.569
997 10.279
998 10.128
999 11.131
1000 11.717
